  1                                                          0.718    0.801    0.718
  2                                        0.923    1.361    1.143    0.603    1.143    1.361    0.923
  3                               0.683    1.173    1.353    1.365    1.195    1.365    1.354    1.173    0.683
  4                      0.683    0.523    1.165    1.360    1.316    1.329    1.316    1.360    1.166    0.523    0.683
  5             0.923    1.173    1.165    1.169    1.026    1.036    0.964    1.036    1.026    1.170    1.166    1.173    0.923
  6             1.361    1.353    1.360    1.026    0.467    0.620    0.394    0.620    0.467    1.026    1.360    1.354    1.362
  7    0.718    1.143    1.365    1.316    1.036    0.620    0.594    0.562    0.594    0.620    1.036    1.316    1.365    1.143    0.718
  8    0.801    0.603    1.195    1.329    0.964    0.394    0.562    0.633    0.562    0.394    0.964    1.329    1.195    0.603    0.801
  9    0.718    1.143    1.365    1.316    1.036    0.620    0.594    0.562    0.594    0.620    1.036    1.316    1.365    1.143    0.718
 10             1.361    1.354    1.360    1.026    0.467    0.620    0.394    0.620    0.467    1.026    1.361    1.354    1.362
 11             0.923    1.173    1.166    1.170    1.026    1.036    0.964    1.036    1.026    1.170    1.166    1.173    0.923
 12                      0.683    0.523    1.166    1.360    1.316    1.329    1.316    1.361    1.166    0.523    0.684
 13                               0.683    1.173    1.354    1.365    1.195    1.365    1.354    1.173    0.684
 14                                        0.923    1.362    1.143    0.603    1.143    1.362    0.923
 15                                                          0.718    0.801    0.718
--
  1                                                          0.503    0.548    0.503
  2                                        0.823    1.082    0.844    0.434    0.844    1.082    0.824
  3                               0.982    1.214    1.148    1.060    0.914    1.060    1.148    1.214    0.982
  4                      0.982    1.255    1.363    1.244    1.127    1.124    1.127    1.244    1.363    1.256    0.982
  5             0.823    1.214    1.363    1.247    1.011    1.065    1.082    1.065    1.012    1.248    1.363    1.214    0.824
  6             1.082    1.148    1.244    1.011    0.527    0.903    1.052    0.903    0.527    1.012    1.244    1.149    1.082
  7    0.503    0.844    1.060    1.127    1.065    0.903    1.005    1.043    1.005    0.903    1.065    1.127    1.060    0.844    0.503
  8    0.548    0.434    0.914    1.124    1.082    1.052    1.043    1.094    1.043    1.052    1.082    1.125    0.915    0.434    0.548
  9    0.503    0.844    1.060    1.127    1.065    0.903    1.005    1.043    1.005    0.904    1.065    1.127    1.060    0.844    0.503
 10             1.082    1.148    1.244    1.012    0.527    0.903    1.052    0.904    0.527    1.012    1.244    1.149    1.082
 11             0.824    1.214    1.363    1.248    1.012    1.065    1.082    1.065    1.012    1.248    1.364    1.215    0.824
 12                      0.982    1.256    1.363    1.244    1.127    1.125    1.127    1.244    1.364    1.256    0.983
 13                               0.982    1.214    1.149    1.060    0.915    1.060    1.149    1.215    0.983
 14                                        0.824    1.082    0.844    0.434    0.844    1.082    0.824
 15                                                          0.503    0.548    0.503
--
  1                                                          0.726    0.958    0.726
  2                                        0.681    1.023    1.086    1.084    1.086    1.023    0.681
  3                               0.737    0.969    1.015    1.088    1.073    1.088    1.015    0.969    0.737
  4                      0.737    0.950    1.100    1.087    1.056    1.076    1.056    1.088    1.100    0.950    0.737
  5             0.681    0.969    1.100    1.116    1.065    1.068    1.044    1.068    1.065    1.116    1.100    0.969    0.681
  6             1.023    1.015    1.087    1.065    1.070    1.039    1.055    1.039    1.070    1.065    1.088    1.015    1.023
  7    0.726    1.086    1.088    1.056    1.068    1.039    1.051    1.029    1.051    1.039    1.069    1.056    1.088    1.086    0.726
  8    0.958    1.084    1.073    1.076    1.044    1.055    1.029    1.046    1.029    1.055    1.044    1.076    1.073    1.085    0.958
  9    0.726    1.086    1.088    1.056    1.068    1.039    1.051    1.029    1.051    1.039    1.069    1.056    1.088    1.086    0.726
 10             1.023    1.015    1.088    1.065    1.070    1.039    1.055    1.039    1.070    1.065    1.088    1.015    1.023
 11             0.681    0.969    1.100    1.116    1.065    1.069    1.044    1.069    1.065    1.116    1.100    0.969    0.681
 12                      0.737    0.950    1.100    1.088    1.056    1.076    1.056    1.088    1.100    0.950    0.737
 13                               0.737    0.969    1.015    1.088    1.073    1.088    1.015    0.969    0.737
 14                                        0.681    1.023    1.086    1.085    1.086    1.023    0.681
 15                                                          0.726    0.958    0.726
