  1                                                          0.674    0.757    0.674
  2                                        0.877    1.310    1.113    0.590    1.113    1.310    0.877
  3                               0.657    1.149    1.341    1.367    1.204    1.367    1.341    1.149    0.657
  4                      0.657    0.517    1.172    1.377    1.341    1.359    1.341    1.377    1.172    0.517    0.657
  5             0.877    1.149    1.172    1.192    1.054    1.072    0.999    1.072    1.054    1.192    1.172    1.150    0.877
  6             1.310    1.341    1.377    1.054    0.486    0.654    0.415    0.654    0.486    1.054    1.377    1.342    1.311
  7    0.674    1.113    1.367    1.341    1.072    0.654    0.635    0.603    0.635    0.654    1.072    1.341    1.367    1.114    0.674
  8    0.757    0.590    1.204    1.359    0.999    0.415    0.603    0.681    0.603    0.415    0.999    1.359    1.205    0.590    0.757
  9    0.674    1.113    1.367    1.341    1.072    0.654    0.635    0.603    0.635    0.654    1.072    1.342    1.367    1.114    0.674
 10             1.310    1.341    1.377    1.054    0.486    0.654    0.415    0.654    0.486    1.054    1.378    1.342    1.311
 11             0.877    1.149    1.172    1.192    1.054    1.072    0.999    1.072    1.054    1.192    1.173    1.150    0.878
 12                      0.657    0.517    1.172    1.377    1.341    1.359    1.342    1.378    1.173    0.517    0.657
 13                               0.657    1.150    1.342    1.367    1.205    1.367    1.342    1.150    0.657
 14                                        0.877    1.311    1.114    0.590    1.114    1.311    0.878
 15                                                          0.674    0.757    0.674
--
  1                                                          0.471    0.517    0.471
  2                                        0.775    1.035    0.820    0.424    0.820    1.035    0.775
  3                               0.930    1.175    1.130    1.060    0.922    1.060    1.130    1.175    0.930
  4                      0.930    1.219    1.348    1.251    1.149    1.154    1.149    1.251    1.348    1.219    0.930
  5             0.775    1.175    1.348    1.254    1.034    1.106    1.129    1.106    1.035    1.254    1.348    1.175    0.775
  6             1.035    1.130    1.251    1.034    0.549    0.956    1.116    0.956    0.549    1.035    1.251    1.130    1.035
  7    0.471    0.820    1.060    1.149    1.106    0.956    1.074    1.117    1.074    0.956    1.106    1.149    1.060    0.820    0.471
  8    0.517    0.424    0.922    1.154    1.129    1.116    1.117    1.175    1.117    1.116    1.129    1.154    0.923    0.424    0.517
  9    0.471    0.820    1.060    1.149    1.106    0.956    1.074    1.117    1.074    0.956    1.106    1.149    1.060    0.820    0.471
 10             1.035    1.130    1.251    1.035    0.549    0.956    1.116    0.956    0.549    1.035    1.251    1.131    1.035
 11             0.775    1.175    1.348    1.254    1.035    1.106    1.129    1.106    1.035    1.254    1.348    1.175    0.775
 12                      0.930    1.219    1.348    1.251    1.149    1.154    1.149    1.251    1.348    1.219    0.930
 13                               0.930    1.175    1.130    1.060    0.923    1.060    1.131    1.175    0.930
 14                                        0.775    1.035    0.820    0.424    0.820    1.035    0.775
 15                                                          0.471    0.517    0.471
--
  1                                                          0.673    0.895    0.673
  2                                        0.641    0.974    1.042    1.044    1.042    0.974    0.641
  3                               0.704    0.942    0.998    1.078    1.066    1.079    0.998    0.942    0.704
  4                      0.704    0.931    1.098    1.099    1.075    1.098    1.075    1.099    1.098    0.931    0.704
  5             0.641    0.942    1.098    1.134    1.097    1.111    1.088    1.111    1.097    1.134    1.098    0.942    0.641
  6             0.974    0.998    1.099    1.097    1.119    1.095    1.116    1.095    1.119    1.097    1.099    0.998    0.974
  7    0.673    1.042    1.078    1.075    1.111    1.095    1.119    1.098    1.119    1.095    1.111    1.075    1.079    1.043    0.674
  8    0.895    1.044    1.066    1.098    1.088    1.116    1.098    1.120    1.098    1.117    1.088    1.099    1.066    1.045    0.895
  9    0.673    1.042    1.079    1.075    1.111    1.095    1.119    1.098    1.119    1.095    1.111    1.075    1.079    1.043    0.674
 10             0.974    0.998    1.099    1.097    1.119    1.095    1.117    1.095    1.119    1.098    1.099    0.998    0.974
 11             0.641    0.942    1.098    1.134    1.097    1.111    1.088    1.111    1.098    1.135    1.098    0.943    0.641
 12                      0.704    0.931    1.098    1.099    1.075    1.099    1.075    1.099    1.098    0.932    0.704
 13                               0.704    0.942    0.998    1.079    1.066    1.079    0.998    0.943    0.704
 14                                        0.641    0.974    1.043    1.045    1.043    0.974    0.641
 15                                                          0.674    0.895    0.674
