->       1      12       1      40                                 <-   
STATE-VECTOR                                                                    
         0         0         0         0         0         0         0         0
         0         0         0         0         0         0         0         0
         0         0         0         0         0         0         0         0
         0         0         0         0         0         0         0         0
         0         0         0         0         0         0         0        28
->       1      12       1       1                                 <-   
O16                                                                             
       -33
->       1      12       3      84                                 <-   
REC-NAMES                                                                       
         4         4         4         4         4         4         4         4
         4         4         4         4         4         4         4         4
         4         4         4         4         4         4         4         4
         4         4         4         4         4         4         4         4
         4         4         4         4         4         4         4         4
         4         4         4         4         4         4         4         4
         4         4         4         4         4         4         4         4
         4         4         4         4         4         4         4         4
         4         4         4         4         4         4         4         4
         4         4         4         4         4         4         4         4
         4         4         4         4
O16         H1_H2O      B10         B11         U235        U238        Zr90    
    Zr91        Zr92        Zr94        Zr96        Ni58        Fe54        Fe56
        Cr52        In115       Ag107       Ag109       Cd106       Cd108       
Cd110       Cd111       Cd112       Cd113       Cd114       Cd116       POWER-CH
AN  K-EFFECTIVE 
->       1      12       1      28                                 <-   
REC-TYPES                                                                       
         1         1         1         1         1         1         1         1
         1         1         1         1         1         1         1         1
         1         1         1         1         1         1         1         1
         1         1         2         2
->       1      12       1      28                                 <-   
REC-LENGTHS                                                                     
         1         1         1         1         1         1         1         1
         1         1         1         1         1         1         1         1
         1         1         1         1         1         1         1         1
         1         1       628         1
->       1      12       1       1                                 <-   
H1_H2O                                                                          
       -33
->       1      12       1       1                                 <-   
B10                                                                             
       -33
->       1      12       1       1                                 <-   
B11                                                                             
       -33
->       1      12       1       1                                 <-   
U235                                                                            
       -33
->       1      12       1       1                                 <-   
U238                                                                            
       -33
->       1      12       1       1                                 <-   
Zr90                                                                            
       -33
->       1      12       1       1                                 <-   
Zr91                                                                            
       -33
->       1      12       1       1                                 <-   
Zr92                                                                            
       -33
->       1      12       1       1                                 <-   
Zr94                                                                            
       -33
->       1      12       1       1                                 <-   
Zr96                                                                            
       -33
->       1      12       1       1                                 <-   
Ni58                                                                            
       -33
->       1      12       1       1                                 <-   
Fe54                                                                            
       -33
->       1      12       1       1                                 <-   
Fe56                                                                            
       -33
->       1      12       1       1                                 <-   
Cr52                                                                            
       -33
->       1      12       1       1                                 <-   
In115                                                                           
       -33
->       1      12       1       1                                 <-   
Ag107                                                                           
       -33
->       1      12       1       1                                 <-   
Ag109                                                                           
       -33
->       1      12       1       1                                 <-   
Cd106                                                                           
       -33
->       1      12       1       1                                 <-   
Cd108                                                                           
       -33
->       1      12       1       1                                 <-   
Cd110                                                                           
       -33
->       1      12       1       1                                 <-   
Cd111                                                                           
       -33
->       1      12       1       1                                 <-   
Cd112                                                                           
       -33
->       1      12       1       1                                 <-   
Cd113                                                                           
       -33
->       1      12       1       1                                 <-   
Cd114                                                                           
       -33
->       1      12       1       1                                 <-   
Cd116                                                                           
       -33
->       1      12       3      52                                 <-   
NamIso                                                                          
         4         4         4         4         4         4         4         4
         4         4         4         4         4         4         4         4
         4         4         4         4         4         4         4         4
         4         4         4         4         4         4         4         4
         4         4         4         4         4         4         4         4
         4         4         4         4         4         4         4         4
         4         4         4         4
O16     H1_H2O  B10     B11     U235    U238    Zr90    Zr91    Zr92    Zr94    
Zr96    Ni58    Fe54    Fe56    Cr52    In115   Ag107   Ag109   Cd106   Cd108   
Cd110   Cd111   Cd112   Cd113   Cd114   Cd116   
->       1      12       1       1                                 <-   
NbIso                                                                           
        26
->       1      12       2     628                                 <-   
POWER-CHAN                                                                      
  1.81026940E-06  2.66917368E-06  3.06000766E-06  3.06002130E-06  2.66920551E-06
  1.81030816E-06  3.21439006E-06  4.33853802E-06  4.91045694E-06  4.91048195E-06
  4.33860032E-06  3.21447646E-06  1.68693623E-06  2.63141806E-06  3.27570297E-06
  3.82014605E-06  3.98675274E-06  4.55339296E-06  4.49651816E-06  4.49654772E-06
  4.55347617E-06  3.98688826E-06  3.82034341E-06  3.27591533E-06  2.63162838E-06
  1.68708959E-06  2.89465697E-06  4.09668928E-06  4.80361541E-06  5.17335502E-06
  4.73782802E-06  4.92267054E-06  4.60393903E-06  4.60397587E-06  4.92277832E-06
  4.73801583E-06  5.17365424E-06  4.80395283E-06  4.09704126E-06  2.89494301E-06
  1.86399166E-06  2.99577550E-06  3.49425045E-06  4.11296651E-06  4.08190772E-06
  4.35282800E-06  4.57812212E-06  4.62134631E-06  4.54547671E-06  4.54552037E-06
  4.62146636E-06  4.57832584E-06  4.35310176E-06  4.08222195E-06  4.11335395E-06
  3.49463471E-06  2.99614499E-06  1.86424870E-06  3.10747919E-06  4.30821638E-06
  4.20253446E-06  4.46358945E-06  4.24655536E-06  4.41416432E-06  4.57056012E-06
  4.59526473E-06  4.51373126E-06  4.51377764E-06  4.59539979E-06  4.57078568E-06
  4.41447128E-06  4.24691780E-06  4.46405284E-06  4.20304104E-06  4.30879254E-06
  3.10794007E-06  1.86399166E-06  3.10747987E-06  3.43847523E-06  4.06159506E-06
  4.42939518E-06  4.58253226E-06  4.58310160E-06  4.56350972E-06  4.48047331E-06
  4.48554010E-06  4.57469423E-06  4.57474289E-06  4.48568107E-06  4.48071751E-06
  4.56386078E-06  4.58352997E-06  4.58304930E-06  4.42997316E-06  4.06217850E-06
  3.43902457E-06  3.10800897E-06  1.86433203E-06  2.99577459E-06  4.30821547E-06
  4.06159461E-06  4.42078272E-06  4.75024217E-06  4.82717905E-06  4.68040116E-06
  4.59826833E-06  4.48290257E-06  4.47265211E-06  4.55670715E-06  4.55675990E-06
  4.47280536E-06  4.48316905E-06  4.59864896E-06  4.68087001E-06  4.82776341E-06
  4.75090656E-06  4.42146074E-06  4.06228446E-06  4.30899127E-06  2.99635076E-06
  1.68693543E-06  2.89465629E-06  3.49424931E-06  4.20253309E-06  4.42939518E-06
  4.75024217E-06  4.77149433E-06  4.74216313E-06  4.57367923E-06  4.51145570E-06
  4.56584303E-06  4.54948758E-06  4.45577780E-06  4.45583510E-06  4.54965493E-06
  4.56612634E-06  4.51184678E-06  4.57416854E-06  4.74277431E-06  4.77219828E-06
  4.75101479E-06  4.43019007E-06  4.20333299E-06  3.49495986E-06  2.89528339E-06
  1.68730787E-06  2.63141646E-06  4.09668792E-06  4.11296514E-06  4.46358854E-06
  4.58253180E-06  4.82717769E-06  4.74216267E-06  4.67601831E-06  4.53675420E-06
  4.49509571E-06  4.55449617E-06  4.53784696E-06  4.44291618E-06  4.44297621E-06
  4.53802068E-06  4.55479267E-06  4.49550316E-06  4.53726170E-06  4.67664859E-06
  4.74289618E-06  4.82800351E-06  4.58339491E-06  4.46447848E-06  4.11384099E-06
  4.09760878E-06  2.63201423E-06  3.27570137E-06  4.80361405E-06  4.08190544E-06
  4.24655400E-06  4.58310114E-06  4.68039934E-06  4.57367832E-06  4.53675329E-06
  4.59049170E-06  4.56170119E-06  4.45257319E-06  4.43775707E-06  4.51695723E-06
  4.51701817E-06  4.43793215E-06  4.45287424E-06  4.56213502E-06  4.59102239E-06
  4.53738585E-06  4.57441456E-06  4.68123289E-06  4.58399882E-06  4.24743439E-06
  4.08280675E-06  4.80472909E-06  3.27646762E-06  3.82014377E-06  5.17335138E-06
  4.35282527E-06  4.41416114E-06  4.56350745E-06  4.59826697E-06  4.51145388E-06
  4.49509389E-06  4.56170028E-06  4.54116707E-06  4.43675663E-06  4.42472492E-06
  4.50543575E-06  4.50549715E-06  4.42490409E-06  4.43706676E-06  4.54161000E-06
  4.56224461E-06  4.49573872E-06  4.51220330E-06  4.59911098E-06  4.56442922E-06
  4.41510747E-06  4.35381253E-06  5.17458511E-06  3.82106236E-06  1.81026746E-06
  3.21438688E-06  3.98675047E-06  4.73782256E-06  4.57811893E-06  4.57055648E-06
  4.48046967E-06  4.48290075E-06  4.56584212E-06  4.55449481E-06  4.45257183E-06
  4.43675663E-06  4.50955986E-06  4.50018115E-06  4.40938356E-06  4.40944859E-06
  4.50036941E-06  4.50987773E-06  4.43719318E-06  4.45311343E-06  4.55516556E-06
  4.56661337E-06  4.48374021E-06  4.48139645E-06  4.57155875E-06  4.57917986E-06
  4.73897398E-06  3.98773227E-06  3.21520611E-06  1.81072937E-06  2.66917164E-06
  4.33853393E-06  4.55338932E-06  4.92266554E-06  4.62134130E-06  4.59526200E-06
  4.48553737E-06  4.47264983E-06  4.54948577E-06  4.53784514E-06  4.43775571E-06
  4.42472401E-06  4.50018069E-06  4.49234949E-06  4.40206304E-06  4.40212762E-06
  4.49254003E-06  4.50050129E-06  4.42516375E-06  4.43830095E-06  4.53851635E-06
  4.55025975E-06  4.47349566E-06  4.48647688E-06  4.59628063E-06  4.62242588E-06
  4.92387744E-06  4.55452891E-06  4.33965351E-06  2.66985762E-06  3.06000493E-06
  4.91045148E-06  4.49651407E-06  4.60393585E-06  4.54547398E-06  4.51372671E-06
  4.57469014E-06  4.55670397E-06  4.45577507E-06  4.44291436E-06  4.51695496E-06
  4.50543212E-06  4.40938038E-06  4.40206213E-06  4.48415085E-06  4.48421451E-06
  4.40224676E-06  4.40969825E-06  4.50588732E-06  4.51750884E-06  4.44357147E-06
  4.45653723E-06  4.55757072E-06  4.57564784E-06  4.51472943E-06  4.54654219E-06
  4.60507590E-06  4.49764593E-06  4.91172295E-06  3.06079437E-06  3.06001834E-06
  4.91047740E-06  4.49654272E-06  4.60397086E-06  4.54551537E-06  4.51377309E-06
  4.57473925E-06  4.55675627E-06  4.45583191E-06  4.44297348E-06  4.51701544E-06
  4.50549487E-06  4.40944586E-06  4.40212580E-06  4.48421406E-06  4.48427591E-06
  4.40230951E-06  4.40976009E-06  4.50594280E-06  4.51756341E-06  4.44362558E-06
  4.45658861E-06  4.55761574E-06  4.57569149E-06  4.51476808E-06  4.54657902E-06
  4.60510591E-06  4.49767003E-06  4.91174524E-06  3.06080574E-06  2.66920256E-06
  4.33859441E-06  4.55346981E-06  4.92277377E-06  4.62146181E-06  4.59539342E-06
  4.48567562E-06  4.47280217E-06  4.54965129E-06  4.53801704E-06  4.43792760E-06
  4.42490000E-06  4.50036623E-06  4.49253776E-06  4.40224494E-06  4.40230860E-06
  4.49272329E-06  4.50067910E-06  4.42533110E-06  4.43846102E-06  4.53867551E-06
  4.55040845E-06  4.47362936E-06  4.48659557E-06  4.59639477E-06  4.62252729E-06
  4.92396930E-06  4.55459849E-06  4.33970581E-06  2.66988559E-06  1.81030612E-06
  3.21447283E-06  3.98688462E-06  4.73801083E-06  4.57832084E-06  4.57078158E-06
  4.48071341E-06  4.48316405E-06  4.56612179E-06  4.55478857E-06  4.45287060E-06
  4.43706404E-06  4.50987318E-06  4.50049674E-06  4.40969598E-06  4.40975919E-06
  4.50067910E-06  4.51017877E-06  4.43748331E-06  4.45339174E-06  4.55543295E-06
  4.56686485E-06  4.48397304E-06  4.48160972E-06  4.57175429E-06  4.57935448E-06
  4.73913860E-06  3.98784960E-06  3.21528091E-06  1.81076348E-06  3.82034023E-06
  5.17364833E-06  4.35309812E-06  4.41446673E-06  4.56385487E-06  4.59864395E-06
  4.51184314E-06  4.49549952E-06  4.56213229E-06  4.54160636E-06  4.43719046E-06
  4.42516102E-06  4.50588368E-06  4.50594234E-06  4.42532928E-06  4.43748104E-06
  4.54202427E-06  4.56264434E-06  4.49611161E-06  4.51255619E-06  4.59945068E-06
  4.56474072E-06  4.41537668E-06  4.35405354E-06  5.17484614E-06  3.82123471E-06
  3.27591215E-06  4.80394738E-06  4.08221877E-06  4.24691461E-06  4.58352542E-06
  4.68086546E-06  4.57416354E-06  4.53725806E-06  4.59101875E-06  4.56223870E-06
  4.45311071E-06  4.43829731E-06  4.51750475E-06  4.51756068E-06  4.43845875E-06
  4.45338992E-06  4.56264388E-06  4.59151488E-06  4.53785105E-06  4.57485794E-06
  4.68165445E-06  4.58437944E-06  4.24775590E-06  4.08308460E-06  4.80502422E-06
  3.27665475E-06  2.63162474E-06  4.09703625E-06  4.11334986E-06  4.46404965E-06
  4.58304612E-06  4.82775931E-06  4.74276885E-06  4.67664540E-06  4.53738176E-06
  4.49573463E-06  4.55516283E-06  4.53851362E-06  4.44356647E-06  4.44362149E-06
  4.53867324E-06  4.55542977E-06  4.49610889E-06  4.53785060E-06  4.67722884E-06
  4.74345325E-06  4.82853329E-06  4.58386194E-06  4.46489366E-06  4.11418705E-06
  4.09792119E-06  2.63220090E-06  1.68708766E-06  2.89494005E-06  3.49463039E-06
  4.20303695E-06  4.42996816E-06  4.75090110E-06  4.77219282E-06  4.74289254E-06
  4.57441092E-06  4.51219876E-06  4.56660791E-06  4.55025520E-06  4.45653222E-06
  4.45658407E-06  4.55040481E-06  4.56686212E-06  4.51255255E-06  4.57485612E-06
  4.74345188E-06  4.77284493E-06  4.75162187E-06  4.43071576E-06  4.20379183E-06
  3.49530706E-06  2.89554123E-06  1.68744555E-06  2.99614226E-06  4.30878754E-06
  4.06217532E-06  4.42145665E-06  4.75101115E-06  4.82799851E-06  4.68122926E-06
  4.59910552E-06  4.48373521E-06  4.47349112E-06  4.55756572E-06  4.55761119E-06
  4.47362481E-06  4.48396804E-06  4.59944613E-06  4.68165081E-06  4.82853102E-06
  4.75162096E-06  4.42208784E-06  4.06282152E-06  4.30951923E-06  2.99668795E-06
  1.86424677E-06  3.10793621E-06  3.43902070E-06  4.06228173E-06  4.43018689E-06
  4.58338945E-06  4.58399381E-06  4.56442376E-06  4.48139190E-06  4.48647143E-06
  4.57564329E-06  4.57568694E-06  4.48659193E-06  4.48160517E-06  4.56473572E-06
  4.58437626E-06  4.58385921E-06  4.43071349E-06  4.06282015E-06  3.43953343E-06
  3.10843461E-06  1.86456816E-06  3.10800647E-06  4.30898808E-06  4.20332844E-06
  4.46447484E-06  4.24743075E-06  4.41510338E-06  4.57155420E-06  4.59627609E-06
  4.51472306E-06  4.51476308E-06  4.59638977E-06  4.57174929E-06  4.41537259E-06
  4.24775180E-06  4.46489184E-06  4.20379001E-06  4.30951741E-06  3.10843370E-06
  1.86433056E-06  2.99634758E-06  3.49495576E-06  4.11383598E-06  4.08280312E-06
  4.35380889E-06  4.57917395E-06  4.62242042E-06  4.54653764E-06  4.54657447E-06
  4.62252137E-06  4.57934857E-06  4.35404854E-06  4.08308006E-06  4.11418296E-06
  3.49530433E-06  2.99668659E-06  1.86456737E-06  2.89528043E-06  4.09760378E-06
  4.80472409E-06  5.17457829E-06  4.73897080E-06  4.92387153E-06  4.60506999E-06
  4.60510046E-06  4.92396430E-06  4.73913224E-06  5.17483977E-06  4.80501922E-06
  4.09791710E-06  2.89553873E-06  1.68730583E-06  2.63201127E-06  3.27646376E-06
  3.82105827E-06  3.98772954E-06  4.55452482E-06  4.49764093E-06  4.49766503E-06
  4.55459349E-06  3.98784596E-06  3.82123244E-06  3.27665066E-06  2.63219840E-06
  1.68744373E-06  3.21520338E-06  4.33964897E-06  4.91171886E-06  4.91174023E-06
  4.33970081E-06  3.21527750E-06  1.81072744E-06  2.66985603E-06  3.06079164E-06
  3.06080301E-06  2.66988263E-06  1.81076132E-06
->       1      12       2       1                                 <-   
K-EFFECTIVE                                                                     
  9.98075485E-01
->       1      12       3       3                                 <-   
SIGNATURE                                                                       
         4         4         4
VECTOR      
->      -1       0       0       0                                 <-   
