->       1      12       1      40                                 <-   
STATE-VECTOR                                                                    
         0         0         0         0         0         0         0         0
         0         0         0         0         0         0         0         0
         0         0         0         0         0         0         0         0
         0         0         0         0         0         0         0         0
         0         0         0         0         0         0         0        28
->       1      12       1       1                                 <-   
O16                                                                             
       -33
->       1      12       3      84                                 <-   
REC-NAMES                                                                       
         4         4         4         4         4         4         4         4
         4         4         4         4         4         4         4         4
         4         4         4         4         4         4         4         4
         4         4         4         4         4         4         4         4
         4         4         4         4         4         4         4         4
         4         4         4         4         4         4         4         4
         4         4         4         4         4         4         4         4
         4         4         4         4         4         4         4         4
         4         4         4         4         4         4         4         4
         4         4         4         4         4         4         4         4
         4         4         4         4
O16         H1_H2O      B10         B11         U235        U238        Zr90    
    Zr91        Zr92        Zr94        Zr96        Ni58        Fe54        Fe56
        Cr52        In115       Ag107       Ag109       Cd106       Cd108       
Cd110       Cd111       Cd112       Cd113       Cd114       Cd116       POWER-CH
AN  K-EFFECTIVE 
->       1      12       1      28                                 <-   
REC-TYPES                                                                       
         1         1         1         1         1         1         1         1
         1         1         1         1         1         1         1         1
         1         1         1         1         1         1         1         1
         1         1         2         2
->       1      12       1      28                                 <-   
REC-LENGTHS                                                                     
         1         1         1         1         1         1         1         1
         1         1         1         1         1         1         1         1
         1         1         1         1         1         1         1         1
         1         1       628         1
->       1      12       1       1                                 <-   
H1_H2O                                                                          
       -33
->       1      12       1       1                                 <-   
B10                                                                             
       -33
->       1      12       1       1                                 <-   
B11                                                                             
       -33
->       1      12       1       1                                 <-   
U235                                                                            
       -33
->       1      12       1       1                                 <-   
U238                                                                            
       -33
->       1      12       1       1                                 <-   
Zr90                                                                            
       -33
->       1      12       1       1                                 <-   
Zr91                                                                            
       -33
->       1      12       1       1                                 <-   
Zr92                                                                            
       -33
->       1      12       1       1                                 <-   
Zr94                                                                            
       -33
->       1      12       1       1                                 <-   
Zr96                                                                            
       -33
->       1      12       1       1                                 <-   
Ni58                                                                            
       -33
->       1      12       1       1                                 <-   
Fe54                                                                            
       -33
->       1      12       1       1                                 <-   
Fe56                                                                            
       -33
->       1      12       1       1                                 <-   
Cr52                                                                            
       -33
->       1      12       1       1                                 <-   
In115                                                                           
       -33
->       1      12       1       1                                 <-   
Ag107                                                                           
       -33
->       1      12       1       1                                 <-   
Ag109                                                                           
       -33
->       1      12       1       1                                 <-   
Cd106                                                                           
       -33
->       1      12       1       1                                 <-   
Cd108                                                                           
       -33
->       1      12       1       1                                 <-   
Cd110                                                                           
       -33
->       1      12       1       1                                 <-   
Cd111                                                                           
       -33
->       1      12       1       1                                 <-   
Cd112                                                                           
       -33
->       1      12       1       1                                 <-   
Cd113                                                                           
       -33
->       1      12       1       1                                 <-   
Cd114                                                                           
       -33
->       1      12       1       1                                 <-   
Cd116                                                                           
       -33
->       1      12       3      52                                 <-   
NamIso                                                                          
         4         4         4         4         4         4         4         4
         4         4         4         4         4         4         4         4
         4         4         4         4         4         4         4         4
         4         4         4         4         4         4         4         4
         4         4         4         4         4         4         4         4
         4         4         4         4         4         4         4         4
         4         4         4         4
O16     H1_H2O  B10     B11     U235    U238    Zr90    Zr91    Zr92    Zr94    
Zr96    Ni58    Fe54    Fe56    Cr52    In115   Ag107   Ag109   Cd106   Cd108   
Cd110   Cd111   Cd112   Cd113   Cd114   Cd116   
->       1      12       1       1                                 <-   
NbIso                                                                           
        26
->       1      12       2     628                                 <-   
POWER-CHAN                                                                      
  1.87847536E-06  2.55160103E-06  2.72316106E-06  2.72319357E-06  2.55168129E-06
  1.87856756E-06  3.43828037E-06  4.04240154E-06  3.94271092E-06  3.94276913E-06
  4.04255343E-06  3.43848137E-06  2.30801220E-06  3.65709388E-06  4.47492403E-06
  4.89272452E-06  4.49228628E-06  4.14331362E-06  2.38420103E-06  2.38424605E-06
  4.14350825E-06  4.49260051E-06  4.89317154E-06  4.47539924E-06  3.65754067E-06
  2.30832120E-06  3.80570827E-06  5.60587614E-06  6.59463194E-06  6.83349526E-06
  5.68578116E-06  4.88660362E-06  2.68954500E-06  2.68960048E-06  4.88685691E-06
  5.68621317E-06  6.83416147E-06  6.59536954E-06  5.60659555E-06  3.80625374E-06
  1.79247695E-06  3.21442621E-06  4.23318852E-06  5.38812264E-06  5.52219899E-06
  5.82996972E-06  5.86154511E-06  5.37588949E-06  4.65065614E-06  4.65075027E-06
  5.37617416E-06  5.86201077E-06  5.83056953E-06  5.52285837E-06  5.38887161E-06
  4.23385836E-06  3.21500238E-06  1.79284655E-06  2.48143260E-06  3.89659999E-06
  4.58568866E-06  5.52918482E-06  5.59668388E-06  5.90802802E-06  6.03452054E-06
  5.82369830E-06  5.46930505E-06  5.46941055E-06  5.82400253E-06  6.03501894E-06
  5.90868012E-06  5.59741784E-06  5.53003701E-06  4.58649674E-06  3.89737670E-06
  2.48201513E-06  1.79247684E-06  2.48143283E-06  1.72350940E-06  2.26322504E-06
  4.33778905E-06  5.38353424E-06  5.84634108E-06  5.97229428E-06  5.80819824E-06
  5.71731243E-06  5.78972913E-06  5.78983509E-06  5.71761620E-06  5.80871438E-06
  5.97301823E-06  5.84719373E-06  5.38446784E-06  4.33865944E-06  2.26374823E-06
  1.72399859E-06  2.48225911E-06  1.79312872E-06  3.21442644E-06  3.89660045E-06
  2.26322459E-06  2.54351608E-06  4.58116710E-06  5.42454882E-06  5.61959268E-06
  5.62936157E-06  5.44049544E-06  5.38543418E-06  5.50125878E-06  5.50136429E-06
  5.38574022E-06  5.44101840E-06  5.63010963E-06  5.62051446E-06  5.42563566E-06
  4.58224849E-06  2.54422093E-06  2.26397128E-06  3.89801517E-06  3.21566540E-06
  2.30801265E-06  3.80570850E-06  4.23318897E-06  4.58569048E-06  4.33779041E-06
  4.58116892E-06  4.96237317E-06  5.11777807E-06  4.91314404E-06  4.82639825E-06
  4.90374441E-06  4.84722204E-06  4.66704250E-06  4.66714619E-06  4.84752809E-06
  4.90425282E-06  4.82710220E-06  4.91406354E-06  5.11896496E-06  4.96373059E-06
  4.58261229E-06  4.33933792E-06  4.58744489E-06  4.23490019E-06  3.80731399E-06
  2.30899923E-06  3.65709411E-06  5.60587569E-06  5.38812492E-06  5.52918573E-06
  5.38353424E-06  5.42454973E-06  5.11777807E-06  4.65379662E-06  3.95856478E-06
  3.74748993E-06  3.97561462E-06  3.90970217E-06  3.53949486E-06  3.53958603E-06
  3.90997866E-06  3.97606482E-06  3.74809747E-06  3.95941470E-06  4.65503172E-06
  5.11935195E-06  5.42641328E-06  5.38556151E-06  5.53138443E-06  5.39036955E-06
  5.60829540E-06  3.65868254E-06  4.47492494E-06  6.59463331E-06  5.52220035E-06
  5.59668570E-06  5.84634245E-06  5.61959359E-06  4.91314495E-06  3.95856523E-06
  2.23769598E-06  2.00371301E-06  2.90447042E-06  2.83711529E-06  1.82864312E-06
  1.82870019E-06  2.83734676E-06  2.90483945E-06  2.00408181E-06  2.23825100E-06
  3.95975712E-06  4.91480932E-06  5.62165678E-06  5.84864074E-06  5.59897990E-06
  5.52455322E-06  6.59752595E-06  4.47689717E-06  4.89272497E-06  6.83349708E-06
  5.82997200E-06  5.90802847E-06  5.97229655E-06  5.62936202E-06  4.82639916E-06
  3.74749015E-06  2.00371301E-06  1.71014983E-06  2.45095885E-06  2.38643611E-06
  1.52484711E-06  1.52490156E-06  2.38665893E-06  2.45131537E-06  1.71051454E-06
  2.00428303E-06  3.74873866E-06  4.82815358E-06  5.63153162E-06  5.97472263E-06
  5.91051048E-06  5.83249903E-06  6.83653525E-06  4.89491140E-06  1.87847525E-06
  3.43828060E-06  4.49228673E-06  5.68578025E-06  5.86154647E-06  6.03452099E-06
  5.80819733E-06  5.44049544E-06  4.90374532E-06  3.97561553E-06  2.90447088E-06
  2.45095862E-06  2.53955113E-06  2.50681342E-06  2.26328189E-06  2.26336397E-06
  2.50705943E-06  2.53995677E-06  2.45153387E-06  2.90535809E-06  3.97701433E-06
  4.90560433E-06  5.44266004E-06  5.81061795E-06  6.03710077E-06  5.86411807E-06
  5.68833320E-06  4.49431991E-06  3.43986562E-06  1.87934336E-06  2.55160148E-06
  4.04240200E-06  4.14331453E-06  4.88660316E-06  5.37588903E-06  5.82369694E-06
  5.71731198E-06  5.38543418E-06  4.84722204E-06  3.90970308E-06  2.83711643E-06
  2.38643656E-06  2.50681342E-06  2.59589615E-06  2.54298425E-06  2.54306883E-06
  2.59614671E-06  2.50722110E-06  2.38701546E-06  2.83801364E-06  3.91112235E-06
  4.84911152E-06  5.38762424E-06  5.71973351E-06  5.82621169E-06  5.37826418E-06
  4.88881096E-06  4.14520628E-06  4.04428283E-06  2.55278906E-06  2.72316061E-06
  3.94271183E-06  2.38420057E-06  2.68954409E-06  4.65065659E-06  5.46930596E-06
  5.78972868E-06  5.50125924E-06  4.66704296E-06  3.53949349E-06  1.82864301E-06
  1.52484711E-06  2.26328234E-06  2.54298470E-06  2.70861960E-06  2.70870123E-06
  2.54321549E-06  2.26364364E-06  1.52521864E-06  1.82923486E-06  3.54080498E-06
  4.66889014E-06  5.50352161E-06  5.79219522E-06  5.47167247E-06  4.65271341E-06
  2.69076213E-06  2.38529401E-06  3.94455492E-06  2.72443322E-06  2.72319335E-06
  3.94276822E-06  2.38424605E-06  2.68960071E-06  4.65075072E-06  5.46941055E-06
  5.78983509E-06  5.50136247E-06  4.66714573E-06  3.53958490E-06  1.82869974E-06
  1.52490145E-06  2.26336374E-06  2.54306883E-06  2.70870100E-06  2.70878172E-06
  2.54330052E-06  2.26372526E-06  1.52527355E-06  1.82929216E-06  3.54089639E-06
  4.66899201E-06  5.50362483E-06  5.79229754E-06  5.47177478E-06  4.65280391E-06
  2.69081625E-06  2.38533835E-06  3.94461040E-06  2.72446528E-06  2.55168106E-06
  4.04255252E-06  4.14350689E-06  4.88685782E-06  5.37617461E-06  5.82400298E-06
  5.71761484E-06  5.38573977E-06  4.84752627E-06  3.90997820E-06  2.83734653E-06
  2.38665893E-06  2.50705966E-06  2.59614694E-06  2.54321526E-06  2.54330075E-06
  2.59639705E-06  2.50746871E-06  2.38723874E-06  2.83824511E-06  3.91139656E-06
  4.84941256E-06  5.38792574E-06  5.72002773E-06  5.82650728E-06  5.37853566E-06
  4.88905789E-06  4.14539363E-06  4.04443199E-06  2.55286773E-06  1.87856733E-06
  3.43848069E-06  4.49259960E-06  5.68621408E-06  5.86201031E-06  6.03501940E-06
  5.80871301E-06  5.44101795E-06  4.90425236E-06  3.97606391E-06  2.90483899E-06
  2.45131514E-06  2.53995677E-06  2.50722132E-06  2.26364364E-06  2.26372481E-06
  2.50746871E-06  2.54036377E-06  2.45189108E-06  2.90572575E-06  3.97746271E-06
  4.90610819E-06  5.44317527E-06  5.81112317E-06  6.03758645E-06  5.86456690E-06
  5.68875384E-06  4.49462459E-06  3.44006276E-06  1.87943385E-06  4.89317108E-06
  6.83416101E-06  5.83056863E-06  5.90867921E-06  5.97301778E-06  5.63010963E-06
  4.82710266E-06  3.74809679E-06  2.00408113E-06  1.71051431E-06  2.45153365E-06
  2.38701546E-06  1.52521841E-06  1.52527366E-06  2.38723896E-06  2.45189085E-06
  1.71087936E-06  2.00465047E-06  3.74934234E-06  4.82885162E-06  5.63226968E-06
  5.97543067E-06  5.91114531E-06  5.83308019E-06  6.83718235E-06  4.89534796E-06
  4.47539878E-06  6.59536909E-06  5.52285837E-06  5.59741693E-06  5.84719328E-06
  5.62051400E-06  4.91406308E-06  3.95941333E-06  2.23825009E-06  2.00428212E-06
  2.90535718E-06  2.83801319E-06  1.82923475E-06  1.82929182E-06  2.83824511E-06
  2.90572598E-06  2.00465092E-06  2.23880579E-06  3.96060204E-06  4.91572200E-06
  5.62256719E-06  5.84947884E-06  5.59969794E-06  5.52519805E-06  6.59824309E-06
  4.47735920E-06  3.65754090E-06  5.60659646E-06  5.38887298E-06  5.53003701E-06
  5.38446784E-06  5.42563521E-06  5.11896405E-06  4.65502944E-06  3.95975576E-06
  3.74873753E-06  3.97701251E-06  3.91112189E-06  3.54080544E-06  3.54089775E-06
  3.91139747E-06  3.97746271E-06  3.74934302E-06  3.96060204E-06  4.65626181E-06
  5.12053248E-06  5.42749012E-06  5.38648646E-06  5.53222344E-06  5.39110260E-06
  5.60899616E-06  3.65911728E-06  2.30832143E-06  3.80625306E-06  4.23385836E-06
  4.58649720E-06  4.33865944E-06  4.58224713E-06  4.96372786E-06  5.11934923E-06
  4.91480614E-06  4.82815176E-06  4.90560387E-06  4.84911106E-06  4.66888923E-06
  4.66899291E-06  4.84941438E-06  4.90610910E-06  4.82885298E-06  4.91572291E-06
  5.12053293E-06  4.96508210E-06  4.58368550E-06  4.34020103E-06  4.58824297E-06
  4.23555548E-06  3.80784627E-06  2.30930073E-06  3.21500170E-06  3.89737625E-06
  2.26374732E-06  2.54422025E-06  4.58261002E-06  5.42641146E-06  5.62165360E-06
  5.63152889E-06  5.44265822E-06  5.38762333E-06  5.50352161E-06  5.50362483E-06
  5.38792710E-06  5.44317572E-06  5.63227240E-06  5.62256855E-06  5.42748967E-06
  4.58368504E-06  2.54492147E-06  2.26449060E-06  3.89878232E-06  3.21623270E-06
  1.79284655E-06  2.48201445E-06  1.72399780E-06  2.26396992E-06  4.33933519E-06
  5.38555969E-06  5.84863665E-06  5.97471990E-06  5.81061704E-06  5.71973078E-06
  5.79219613E-06  5.79229663E-06  5.72002955E-06  5.81112499E-06  5.97543340E-06
  5.84948202E-06  5.38648737E-06  4.34020103E-06  2.26449060E-06  1.72448392E-06
  2.48283527E-06  1.79349331E-06  2.48225820E-06  3.89801244E-06  4.58744171E-06
  5.53138170E-06  5.59897717E-06  5.91050775E-06  6.03709896E-06  5.82621033E-06
  5.47167247E-06  5.47177433E-06  5.82650864E-06  6.03758735E-06  5.91114849E-06
  5.59969931E-06  5.53222435E-06  4.58824252E-06  3.89878278E-06  2.48283527E-06
  1.79312747E-06  3.21566358E-06  4.23489610E-06  5.39036637E-06  5.52455094E-06
  5.83249903E-06  5.86411716E-06  5.37826372E-06  4.65271341E-06  4.65280482E-06
  5.37853794E-06  5.86457054E-06  5.83308474E-06  5.52520032E-06  5.39110442E-06
  4.23555775E-06  3.21623384E-06  1.79349365E-06  3.80731126E-06  5.60829039E-06
  6.59752459E-06  6.83653388E-06  5.68833275E-06  4.88881187E-06  2.69076168E-06
  2.69081693E-06  4.88905880E-06  5.68875703E-06  6.83718417E-06  6.59824445E-06
  5.60899753E-06  3.80784809E-06  2.30899764E-06  3.65868050E-06  4.47689536E-06
  4.89491049E-06  4.49431991E-06  4.14520582E-06  2.38529447E-06  2.38533835E-06
  4.14539409E-06  4.49462595E-06  4.89534887E-06  4.47736056E-06  3.65911933E-06
  2.30930186E-06  3.43986608E-06  4.04428238E-06  3.94455492E-06  3.94461040E-06
  4.04443244E-06  3.44006344E-06  1.87934359E-06  2.55278883E-06  2.72443390E-06
  2.72446459E-06  2.55286773E-06  1.87943397E-06
->       1      12       2       1                                 <-   
K-EFFECTIVE                                                                     
  9.98113513E-01
->       1      12       3       3                                 <-   
SIGNATURE                                                                       
         4         4         4
VECTOR      
->      -1       0       0       0                                 <-   
