->       1      12       1      40                                 <-   
STATE-VECTOR                                                                    
         0         0         0         0         0         0         0         0
         0         0         0         0         0         0         0         0
         0         0         0         0         0         0         0         0
         0         0         0         0         0         0         0         0
         0         0         0         0         0         0         0        28
->       1      12       1       1                                 <-   
O16                                                                             
       -33
->       1      12       3      84                                 <-   
REC-NAMES                                                                       
         4         4         4         4         4         4         4         4
         4         4         4         4         4         4         4         4
         4         4         4         4         4         4         4         4
         4         4         4         4         4         4         4         4
         4         4         4         4         4         4         4         4
         4         4         4         4         4         4         4         4
         4         4         4         4         4         4         4         4
         4         4         4         4         4         4         4         4
         4         4         4         4         4         4         4         4
         4         4         4         4         4         4         4         4
         4         4         4         4
O16         H1_H2O      B10         B11         U235        U238        Zr90    
    Zr91        Zr92        Zr94        Zr96        Ni58        Fe54        Fe56
        Cr52        In115       Ag107       Ag109       Cd106       Cd108       
Cd110       Cd111       Cd112       Cd113       Cd114       Cd116       POWER-CH
AN  K-EFFECTIVE 
->       1      12       1      28                                 <-   
REC-TYPES                                                                       
         1         1         1         1         1         1         1         1
         1         1         1         1         1         1         1         1
         1         1         1         1         1         1         1         1
         1         1         2         2
->       1      12       1      28                                 <-   
REC-LENGTHS                                                                     
         1         1         1         1         1         1         1         1
         1         1         1         1         1         1         1         1
         1         1         1         1         1         1         1         1
         1         1       628         1
->       1      12       1       1                                 <-   
H1_H2O                                                                          
       -33
->       1      12       1       1                                 <-   
B10                                                                             
       -33
->       1      12       1       1                                 <-   
B11                                                                             
       -33
->       1      12       1       1                                 <-   
U235                                                                            
       -33
->       1      12       1       1                                 <-   
U238                                                                            
       -33
->       1      12       1       1                                 <-   
Zr90                                                                            
       -33
->       1      12       1       1                                 <-   
Zr91                                                                            
       -33
->       1      12       1       1                                 <-   
Zr92                                                                            
       -33
->       1      12       1       1                                 <-   
Zr94                                                                            
       -33
->       1      12       1       1                                 <-   
Zr96                                                                            
       -33
->       1      12       1       1                                 <-   
Ni58                                                                            
       -33
->       1      12       1       1                                 <-   
Fe54                                                                            
       -33
->       1      12       1       1                                 <-   
Fe56                                                                            
       -33
->       1      12       1       1                                 <-   
Cr52                                                                            
       -33
->       1      12       1       1                                 <-   
In115                                                                           
       -33
->       1      12       1       1                                 <-   
Ag107                                                                           
       -33
->       1      12       1       1                                 <-   
Ag109                                                                           
       -33
->       1      12       1       1                                 <-   
Cd106                                                                           
       -33
->       1      12       1       1                                 <-   
Cd108                                                                           
       -33
->       1      12       1       1                                 <-   
Cd110                                                                           
       -33
->       1      12       1       1                                 <-   
Cd111                                                                           
       -33
->       1      12       1       1                                 <-   
Cd112                                                                           
       -33
->       1      12       1       1                                 <-   
Cd113                                                                           
       -33
->       1      12       1       1                                 <-   
Cd114                                                                           
       -33
->       1      12       1       1                                 <-   
Cd116                                                                           
       -33
->       1      12       3      52                                 <-   
NamIso                                                                          
         4         4         4         4         4         4         4         4
         4         4         4         4         4         4         4         4
         4         4         4         4         4         4         4         4
         4         4         4         4         4         4         4         4
         4         4         4         4         4         4         4         4
         4         4         4         4         4         4         4         4
         4         4         4         4
O16     H1_H2O  B10     B11     U235    U238    Zr90    Zr91    Zr92    Zr94    
Zr96    Ni58    Fe54    Fe56    Cr52    In115   Ag107   Ag109   Cd106   Cd108   
Cd110   Cd111   Cd112   Cd113   Cd114   Cd116   
->       1      12       1       1                                 <-   
NbIso                                                                           
        26
->       1      12       2     628                                 <-   
POWER-CHAN                                                                      
  1.31215882E-06  1.74885076E-06  1.84651572E-06  1.84653766E-06  1.74890636E-06
  1.31222339E-06  2.45436672E-06  2.81465941E-06  2.70608871E-06  2.70612782E-06
  2.81476491E-06  2.45450838E-06  2.06494110E-06  3.09247912E-06  3.58720922E-06
  3.74026126E-06  3.30628359E-06  2.96964186E-06  1.68317069E-06  1.68320139E-06
  2.96977510E-06  3.30650482E-06  3.74058664E-06  3.58756688E-06  3.09283018E-06
  2.06519576E-06  3.61326283E-06  4.91146830E-06  5.41582676E-06  5.33753109E-06
  4.28824842E-06  3.60251124E-06  1.96332985E-06  1.96336873E-06  3.60268450E-06
  4.28855355E-06  5.33801494E-06  5.41638701E-06  4.91204855E-06  3.61373191E-06
  2.49870868E-06  3.94139988E-06  4.44533680E-06  5.02104285E-06  4.72239162E-06
  4.68824874E-06  4.51576807E-06  4.05377341E-06  3.49182596E-06  3.49188917E-06
  4.05396167E-06  4.51609003E-06  4.68868257E-06  4.72289912E-06  5.02166540E-06
  4.44595162E-06  3.94199060E-06  2.49911454E-06  4.18665832E-06  5.71174178E-06
  5.39951407E-06  5.51649191E-06  5.01459590E-06  4.93117750E-06  4.80701419E-06
  4.54087331E-06  4.25045664E-06  4.25052485E-06  4.54107567E-06  4.80735616E-06
  4.93164634E-06  5.01515706E-06  5.51721178E-06  5.40030351E-06  5.71264263E-06
  4.18736954E-06  2.49870777E-06  4.18665741E-06  4.62239450E-06  5.36837160E-06
  5.66490417E-06  5.64024776E-06  5.42848329E-06  5.17895978E-06  4.85811870E-06
  4.69690576E-06  4.71836984E-06  4.71843759E-06  4.69710449E-06  4.85846567E-06
  5.17946546E-06  5.42911175E-06  5.64101401E-06  5.66577000E-06  5.36925700E-06
  4.62321850E-06  4.18743230E-06  2.49919322E-06  3.94139715E-06  5.71173996E-06
  5.36837160E-06  5.72897443E-06  5.93066352E-06  5.76922457E-06  5.37071310E-06
  5.08843323E-06  4.82363657E-06  4.75401657E-06  4.83902795E-06  4.83909525E-06
  4.75421211E-06  4.82397945E-06  5.08893845E-06  5.37135747E-06  5.77004130E-06
  5.93160939E-06  5.72995805E-06  5.36936523E-06  5.71283454E-06  3.94218478E-06
  2.06493928E-06  3.61325988E-06  4.44533407E-06  5.39951179E-06  5.66490280E-06
  5.93066306E-06  5.71066766E-06  5.34003721E-06  4.82013365E-06  4.59258445E-06
  4.67749987E-06  4.73955333E-06  4.68296730E-06  4.68303233E-06  4.73974296E-06
  4.67782138E-06  4.59303737E-06  4.82072983E-06  5.34082801E-06  5.71161399E-06
  5.93171899E-06  5.66598510E-06  5.40058136E-06  4.44625312E-06  3.61404091E-06
  2.06538812E-06  3.09247639E-06  4.91146466E-06  5.02104012E-06  5.51648827E-06
  5.64024685E-06  5.76922321E-06  5.34003721E-06  4.72936244E-06  3.96861788E-06
  3.79979406E-06  4.21670075E-06  4.50825110E-06  4.54607607E-06  4.54613701E-06
  4.50842072E-06  4.21697723E-06  3.80016581E-06  3.96912492E-06  4.73008868E-06
  5.34095443E-06  5.77028595E-06  5.64135826E-06  5.51761241E-06  5.02210651E-06
  4.91254923E-06  3.09315897E-06  3.58720672E-06  5.41582358E-06  4.72238980E-06
  5.01459454E-06  5.42848147E-06  5.37071173E-06  4.82013365E-06  3.96861742E-06
  2.32711477E-06  2.23796383E-06  3.59589785E-06  4.19068692E-06  4.52435370E-06
  4.52440645E-06  4.19083108E-06  3.59612068E-06  2.23817983E-06  2.32742173E-06
  3.96925270E-06  4.82099131E-06  5.37173082E-06  5.42957878E-06  5.01563682E-06
  4.72341117E-06  5.41703730E-06  3.58800935E-06  3.74025808E-06  5.33752700E-06
  4.68824646E-06  4.93117568E-06  5.17895933E-06  5.08843323E-06  4.59258399E-06
  3.79979383E-06  2.23796383E-06  2.17272873E-06  3.52638563E-06  4.13587350E-06
  4.48024184E-06  4.48029414E-06  4.13601538E-06  3.52660459E-06  2.17294019E-06
  2.23826532E-06  3.80041365E-06  4.59341618E-06  5.08941275E-06  5.18001889E-06
  4.93221705E-06  4.68927237E-06  5.33873663E-06  3.74110641E-06  1.31215802E-06
  2.45436445E-06  3.30628086E-06  4.28824524E-06  4.51576580E-06  4.80701237E-06
  4.85811688E-06  4.82363566E-06  4.67749805E-06  4.21669893E-06  3.59589717E-06
  3.52638494E-06  4.00588988E-06  4.35091988E-06  4.42493047E-06  4.42498686E-06
  4.35108268E-06  4.00615545E-06  3.52674033E-06  3.59637897E-06  4.21738469E-06
  4.67834798E-06  4.82457153E-06  4.85912278E-06  4.80803465E-06  4.51675987E-06
  4.28922567E-06  3.30704052E-06  2.45494493E-06  1.31246702E-06  1.74884963E-06
  2.81465714E-06  2.96963890E-06  3.60250851E-06  4.05377114E-06  4.54087058E-06
  4.69690303E-06  4.75401475E-06  4.73955197E-06  4.50824973E-06  4.19068465E-06
  4.13587213E-06  4.35091988E-06  4.51391588E-06  4.51828691E-06  4.51835058E-06
  4.51409414E-06  4.35122456E-06  4.13630096E-06  4.19124262E-06  4.50897414E-06
  4.74041008E-06  4.75493925E-06  4.69787801E-06  4.54183964E-06  4.05466562E-06
  3.60333502E-06  2.97032784E-06  2.81532971E-06  1.74926549E-06  1.84651446E-06
  2.70608689E-06  1.68316956E-06  1.96332849E-06  3.49182369E-06  4.25045391E-06
  4.71836574E-06  4.83902568E-06  4.68296457E-06  4.54607471E-06  4.52435188E-06
  4.48023911E-06  4.42493001E-06  4.51828691E-06  4.69273209E-06  4.69279485E-06
  4.51846881E-06  4.42525152E-06  4.48071296E-06  4.52494942E-06  4.54679866E-06
  4.68380904E-06  4.83996428E-06  4.71934618E-06  4.25135840E-06  3.49259426E-06
  1.96377846E-06  1.68356189E-06  2.70673672E-06  1.84695568E-06  1.84653652E-06
  2.70612600E-06  1.68320048E-06  1.96336714E-06  3.49188690E-06  4.25052258E-06
  4.71843487E-06  4.83909162E-06  4.68302915E-06  4.54613473E-06  4.52440463E-06
  4.48029277E-06  4.42498595E-06  4.51834967E-06  4.69279621E-06  4.69285942E-06
  4.51853111E-06  4.42530700E-06  4.48076435E-06  4.52499853E-06  4.54685414E-06
  4.68387179E-06  4.84002976E-06  4.71941303E-06  4.25142662E-06  3.49265656E-06
  1.96381757E-06  1.68359213E-06  2.70677629E-06  1.84697797E-06  1.74890499E-06
  2.81476287E-06  2.96977305E-06  3.60268223E-06  4.05396031E-06  4.54107294E-06
  4.69710130E-06  4.75420757E-06  4.73973978E-06  4.50841844E-06  4.19082971E-06
  4.13601447E-06  4.35108132E-06  4.51409323E-06  4.51846790E-06  4.51853020E-06
  4.51427468E-06  4.35138554E-06  4.13643966E-06  4.19138223E-06  4.50913740E-06
  4.74059243E-06  4.75512616E-06  4.69807082E-06  4.54203746E-06  4.05485298E-06
  3.60350714E-06  2.97046063E-06  2.81543453E-06  1.74932120E-06  1.31222180E-06
  2.45450610E-06  3.30650209E-06  4.28855037E-06  4.51608594E-06  4.80735162E-06
  4.85846249E-06  4.82397672E-06  4.67781820E-06  4.21697405E-06  3.59611863E-06
  3.52660300E-06  4.00615318E-06  4.35122274E-06  4.42524970E-06  4.42530609E-06
  4.35138509E-06  4.00641602E-06  3.52695542E-06  3.59659498E-06  4.21765162E-06
  4.67865812E-06  4.82490304E-06  4.85946020E-06  4.80836843E-06  4.51707592E-06
  4.28952580E-06  3.30726016E-06  2.45508613E-06  1.31253148E-06  3.74058368E-06
  5.33801085E-06  4.68867802E-06  4.93164271E-06  5.17946137E-06  5.08893299E-06
  4.59303465E-06  3.80016286E-06  2.23817847E-06  2.17293882E-06  3.52673874E-06
  4.13629914E-06  4.48071069E-06  4.48076207E-06  4.13643829E-06  3.52695474E-06
  2.17314710E-06  2.23847428E-06  3.80077245E-06  4.59385456E-06  5.08990161E-06
  5.18051047E-06  4.93267316E-06  4.68969665E-06  5.33921366E-06  3.74142769E-06
  3.58756483E-06  5.41638337E-06  4.72289457E-06  5.01515342E-06  5.42910902E-06
  5.37135338E-06  4.82072483E-06  3.96912174E-06  2.32742013E-06  2.23826328E-06
  3.59637647E-06  4.19124081E-06  4.52494669E-06  4.52499671E-06  4.19138041E-06
  3.59659339E-06  2.23847360E-06  2.32771936E-06  3.96974292E-06  4.82156656E-06
  5.37235110E-06  5.43018541E-06  5.01617842E-06  4.72390275E-06  5.41758391E-06
  3.58835996E-06  3.09282791E-06  4.91204401E-06  5.02165994E-06  5.51720677E-06
  5.64100992E-06  5.77003584E-06  5.34082255E-06  4.73008458E-06  3.96924906E-06
  3.80041047E-06  4.21738150E-06  4.50897096E-06  4.54679366E-06  4.54685278E-06
  4.50913512E-06  4.21764935E-06  3.80077086E-06  3.96974201E-06  4.73079353E-06
  5.34171568E-06  5.77107176E-06  5.64209540E-06  5.51830317E-06  5.02270768E-06
  4.91311084E-06  3.09350162E-06  2.06519417E-06  3.61372827E-06  4.44594798E-06
  5.40029987E-06  5.66576637E-06  5.93160485E-06  5.71160899E-06  5.34095079E-06
  4.82098676E-06  4.59341209E-06  4.67834434E-06  4.74040644E-06  4.68380676E-06
  4.68386907E-06  4.74058925E-06  4.67865584E-06  4.59385274E-06  4.82156474E-06
  5.34171522E-06  5.71252485E-06  5.93262575E-06  5.66681501E-06  5.40133533E-06
  4.44684383E-06  3.61449315E-06  2.06563527E-06  3.94198787E-06  5.71263672E-06
  5.36925154E-06  5.72995214E-06  5.93171535E-06  5.77028140E-06  5.37172582E-06
  5.08940730E-06  4.82456608E-06  4.75493471E-06  4.83995973E-06  4.84002567E-06
  4.75512297E-06  4.82490032E-06  5.08989933E-06  5.37234928E-06  5.77106994E-06
  5.93262439E-06  5.73089801E-06  5.37020833E-06  5.71369310E-06  3.94274957E-06
  2.49911204E-06  4.18736499E-06  4.62321395E-06  5.36936068E-06  5.66597964E-06
  5.64135280E-06  5.42957332E-06  5.18001343E-06  4.85911642E-06  4.69787301E-06
  4.71934254E-06  4.71940893E-06  4.69806855E-06  4.85945793E-06  5.18050820E-06
  5.43018177E-06  5.64209313E-06  5.66681319E-06  5.37020787E-06  4.62400294E-06
  4.18810941E-06  2.49957907E-06  4.18742820E-06  5.71283044E-06  5.40057545E-06
  5.51760604E-06  5.01563090E-06  4.93221114E-06  4.80802873E-06  4.54183555E-06
  4.25135568E-06  4.25142434E-06  4.54203473E-06  4.80836616E-06  4.93266998E-06
  5.01617660E-06  5.51830135E-06  5.40133306E-06  5.71369173E-06  4.18810851E-06
  2.49919049E-06  3.94218114E-06  4.44624902E-06  5.02210014E-06  4.72340480E-06
  4.68926646E-06  4.51675578E-06  4.05466244E-06  3.49259176E-06  3.49265451E-06
  4.05485207E-06  4.51707456E-06  4.68969438E-06  4.72390047E-06  5.02270404E-06
  4.44684201E-06  3.94274821E-06  2.49957793E-06  3.61403750E-06  4.91254286E-06
  5.41703093E-06  5.33873117E-06  4.28922112E-06  3.60333138E-06  1.96377641E-06
  1.96381598E-06  3.60350441E-06  4.28952353E-06  5.33921229E-06  5.41758118E-06
  4.91310811E-06  3.61449224E-06  2.06538584E-06  3.09315578E-06  3.58800480E-06
  3.74110232E-06  3.30703710E-06  2.97032466E-06  1.68356064E-06  1.68359168E-06
  2.97045904E-06  3.30725788E-06  3.74142587E-06  3.58835905E-06  3.09349934E-06
  2.06563413E-06  2.45494243E-06  2.81532652E-06  2.70673513E-06  2.70677538E-06
  2.81543316E-06  2.45508409E-06  1.31246577E-06  1.74926390E-06  1.84695477E-06
  1.84697672E-06  1.74932040E-06  1.31253069E-06
->       1      12       2       1                                 <-   
K-EFFECTIVE                                                                     
  9.98175502E-01
->       1      12       3       3                                 <-   
SIGNATURE                                                                       
         4         4         4
VECTOR      
->      -1       0       0       0                                 <-   
